1 0.5146484375 0.076171875 0.767578125 0.0830078125
1 0.5146484375 0.3857421875 0.7705078125 0.0986328125
1 0.515625 0.6865234375 0.7705078125 0.080078125
1 0.5166015625 0.974609375 0.771484375 0.046875
0 0.2724609375 0.072265625 0.0908203125 0.068359375
0 0.7548828125 0.076171875 0.095703125 0.0654296875
0 0.2734375 0.3828125 0.0927734375 0.083984375
0 0.7548828125 0.380859375 0.095703125 0.076171875
0 0.271484375 0.6845703125 0.099609375 0.064453125
0 0.7529296875 0.6884765625 0.09765625 0.064453125
0 0.2783203125 0.9755859375 0.1015625 0.041015625
0 0.751953125 0.9814453125 0.0908203125 0.033203125