1 0.8957103587962962 0.5166015625 0.195413773148148 0.7941116898148148
1 0.5878110532407407 0.486668113425926 0.22491319444444446 0.7982349537037037
1 0.28093894675925923 0.4557508680555556 0.20528067129629624 0.7961371527777777
1 0.037275752314814815 0.42647569444444444 0.07455150462962963 0.7915798611111111
0 0.8671730324074074 0.7657407407407407 0.08534432870370368 0.10215567129629632
0 0.9406467013888888 0.2712456597222222 0.0815393518518519 0.10407986111111112
0 0.5516131365740741 0.7329354745370371 0.1010706018518519 0.10422453703703694
0 0.6307942708333334 0.24132667824074075 0.09335937499999991 0.10611979166666669
0 0.2445891203703704 0.7049479166666667 0.08174189814814814 0.10798611111111112
0 0.3169343171296296 0.21338975694444445 0.08174189814814814 0.10798611111111112
0 0.02939091435185185 0.18623408564814814 0.03230613425925925 0.09590567129629629