1 0.953125 0.5601634837962963 0.09375 0.827126736111111
1 0.6494140625 0.5668764467592593 0.162109375 0.8365306712962963
1 0.3291015625 0.572728587962963 0.142578125 0.8335648148148149
1 0.037109375 0.5790726273148148 0.07421875 0.8300202546296296
0 0.9560546875 0.30152633101851856 0.060546875 0.10470196759259265
0 0.9794921875 0.8164134837962963 0.041015625 0.10759548611111103
0 0.6337890625 0.309230324074074 0.095703125 0.11043113425925921
0 0.6728515625 0.822974537037037 0.08984375 0.11208043981481475
0 0.3125 0.3130787037037037 0.076171875 0.11332465277777781
0 0.3447265625 0.8274450231481482 0.076171875 0.11332465277777781
0 0.0146484375 0.3259548611111111 0.029296875 0.11284722222222221
0 0.0361328125 0.8309751157407408 0.03515625 0.09947916666666679