1 0.0810546875 0.5495008680555555 0.162109375 0.7786892361111111
1 0.3623046875 0.5219618055555555 0.208984375 0.7827256944444443
1 0.6552734375 0.49299045138888886 0.2265625 0.7854600694444445
1 0.923828125 0.46391059027777776 0.15234375 0.7782552083333333
0 0.0947265625 0.7922960069444445 0.087890625 0.111328125
0 0.0361328125 0.3131293402777778 0.072265625 0.11453993055555556
0 0.3984375 0.7608723958333334 0.09765625 0.11176215277777768
0 0.328125 0.28313802083333334 0.091796875 0.11540798611111114
0 0.6875 0.7327039930555556 0.080078125 0.10902777777777772
0 0.626953125 0.25442708333333336 0.087890625 0.119140625
0 0.974609375 0.7024956597222223 0.05078125 0.10967881944444446
0 0.916015625 0.22430555555555556 0.080078125 0.11293402777777778