1 0.5424985532407407 0.08843315972222224 0.8545283564814814 0.16833043981481483
1 0.5232494212962963 0.38939525462962965 0.8612847222222222 0.2896412037037037
1 0.5022786458333333 0.7215350115740741 0.8611111111111112 0.2662037037037037
1 0.4856770833333333 0.967845775462963 0.8442418981481482 0.06430844907407396
0 0.8109592013888889 0.08568431712962962 0.16271701388888893 0.08803530092592593
0 0.7878472222222223 0.3923611111111111 0.15898437499999996 0.111328125
0 0.7670500578703704 0.7479383680555556 0.16491608796296298 0.12131076388888884
0 0.29320746527777775 0.04307725694444445 0.1684461805555555 0.07067418981481483
0 0.27305410879629627 0.35376880787037035 0.16673900462962965 0.10380497685185186
0 0.2501880787037037 0.6936487268518519 0.16685474537037037 0.11942997685185186
0 0.2318721064814815 0.9887876157407407 0.16613136574074072 0.02177372685185186