1 0.521484375 0.0947265625 0.767578125 0.15234375
1 0.521484375 0.4091796875 0.767578125 0.1806640625
1 0.521484375 0.7099609375 0.76953125 0.16015625
1 0.521484375 0.970703125 0.7646484375 0.0498046875
0 0.28125 0.0908203125 0.142578125 0.0966796875
0 0.2822265625 0.3857421875 0.138671875 0.0869140625
0 0.28125 0.7080078125 0.1416015625 0.0947265625
0 0.7490234375 0.0966796875 0.1494140625 0.0908203125
0 0.75 0.400390625 0.14453125 0.0791015625
0 0.75 0.7099609375 0.14453125 0.0927734375
0 0.283203125 0.9814453125 0.1396484375 0.0205078125
0 0.7509765625 0.984375 0.150390625 0.0185546875