1 0.09231770833333333 0.4044777199074074 0.18324652777777778 0.7887008101851852
1 0.35203993055555555 0.4378978587962963 0.24396701388888886 0.794849537037037
1 0.6617404513888889 0.47337962962962965 0.23997395833333335 0.7927517361111112
1 0.9221137152777779 0.5060040509259259 0.1557725694444443 0.8009259259259258
0 0.054600694444444445 0.6562861689814814 0.05520833333333333 0.1014901620370372
0 0.09290364583333334 0.1755642361111111 0.08103298611111112 0.11219618055555558
0 0.33474392361111116 0.6869936342592593 0.10039062499999996 0.10901331018518512
0 0.6402777777777777 0.7167607060185185 0.09657118055555536 0.1108217592592593
0 0.9467881944444445 0.7464916087962963 0.09062500000000018 0.10865162037037024
0 0.3787760416666667 0.203125 0.10243055555555558 0.11103877314814814
0 0.6874565972222222 0.2376663773148148 0.09657118055555558 0.11082175925925924
0 0.9752387152777777 0.2677951388888889 0.04952256944444455 0.11357060185185186