1 0.5244140625 0.0546875 0.7705078125 0.076171875
1 0.5224609375 0.33203125 0.7724609375 0.1005859375
1 0.517578125 0.6376953125 0.7705078125 0.0966796875
1 0.5185546875 0.9423828125 0.7802734375 0.1025390625
0 0.2744140625 0.046875 0.0908203125 0.0615234375
0 0.7529296875 0.05078125 0.099609375 0.0615234375
0 0.275390625 0.3369140625 0.09375 0.0830078125
0 0.2763671875 0.6396484375 0.095703125 0.076171875
0 0.279296875 0.9443359375 0.09375 0.0732421875
0 0.7548828125 0.3349609375 0.0966796875 0.0830078125
0 0.7529296875 0.640625 0.09765625 0.0791015625
0 0.75390625 0.94921875 0.1015625 0.0732421875