1 0.5234375 0.1015625 0.7724609375 0.1201171875
1 0.5234375 0.3896484375 0.7724609375 0.130859375
1 0.5224609375 0.6982421875 0.7734375 0.130859375
1 0.5244140625 0.9609375 0.7734375 0.0732421875
0 0.2822265625 0.1005859375 0.1455078125 0.0869140625
0 0.2802734375 0.3896484375 0.14453125 0.0908203125
0 0.2822265625 0.6962890625 0.1416015625 0.0947265625
0 0.28125 0.966796875 0.1396484375 0.0498046875
0 0.7509765625 0.1005859375 0.1513671875 0.0908203125
0 0.75 0.3876953125 0.1484375 0.083984375
0 0.7509765625 0.6904296875 0.142578125 0.0869140625
0 0.75 0.962890625 0.1494140625 0.0537109375