1 0.53125 0.05859375 0.77734375 0.1083984375
1 0.5302734375 0.380859375 0.779296875 0.1337890625
1 0.529296875 0.6796875 0.7822265625 0.123046875
1 0.5302734375 0.958984375 0.783203125 0.0693359375
0 0.2822265625 0.056640625 0.1005859375 0.076171875
0 0.759765625 0.056640625 0.103515625 0.072265625
0 0.279296875 0.3759765625 0.0908203125 0.0732421875
0 0.7626953125 0.3857421875 0.1103515625 0.0830078125
0 0.28125 0.6787109375 0.0947265625 0.076171875
0 0.763671875 0.6787109375 0.109375 0.076171875
0 0.283203125 0.966796875 0.10546875 0.044921875
0 0.7607421875 0.9658203125 0.103515625 0.0390625