1 0.52734375 0.041015625 0.779296875 0.0654296875
1 0.5263671875 0.3388671875 0.78515625 0.123046875
1 0.5234375 0.642578125 0.7880859375 0.1484375
1 0.517578125 0.9150390625 0.7958984375 0.1259765625
0 0.279296875 0.0390625 0.095703125 0.0615234375
0 0.7578125 0.041015625 0.09375 0.0615234375
0 0.279296875 0.3330078125 0.0927734375 0.0654296875
0 0.7578125 0.3408203125 0.1005859375 0.0693359375
0 0.28125 0.630859375 0.1005859375 0.0693359375
0 0.7548828125 0.638671875 0.1015625 0.0791015625
0 0.2783203125 0.9130859375 0.099609375 0.072265625
0 0.7568359375 0.916015625 0.1025390625 0.0732421875