1 0.5224609375 0.046875 0.76953125 0.083984375
1 0.5263671875 0.3544921875 0.771484375 0.1005859375
1 0.5244140625 0.6552734375 0.76953125 0.1064453125
1 0.525390625 0.9443359375 0.7705078125 0.0908203125
0 0.279296875 0.048828125 0.1005859375 0.0732421875
0 0.2802734375 0.3583984375 0.099609375 0.076171875
0 0.28125 0.6552734375 0.095703125 0.0654296875
0 0.2822265625 0.951171875 0.0927734375 0.064453125
0 0.7578125 0.044921875 0.099609375 0.0732421875
0 0.7578125 0.349609375 0.095703125 0.0732421875
0 0.7607421875 0.6591796875 0.0966796875 0.0693359375
0 0.7587890625 0.9609375 0.099609375 0.0654296875