4 0.51953125 0.0185546875 0.7626953125 0.029296875
4 0.5234375 0.28125 0.7666015625 0.0908203125
4 0.5244140625 0.572265625 0.763671875 0.111328125
4 0.525390625 0.8818359375 0.76953125 0.1083984375
0 0.279296875 0.2802734375 0.0908203125 0.068359375
0 0.279296875 0.5703125 0.08984375 0.080078125
0 0.279296875 0.880859375 0.0908203125 0.0791015625
0 0.7568359375 0.2783203125 0.0908203125 0.072265625
0 0.7578125 0.572265625 0.0927734375 0.080078125
0 0.7568359375 0.87890625 0.095703125 0.0693359375
