4 0.5146484375 0.0400390625 0.767578125 0.072265625
4 0.515625 0.322265625 0.7705078125 0.0908203125
4 0.5166015625 0.6142578125 0.7705078125 0.0947265625
4 0.513671875 0.921875 0.767578125 0.1025390625
0 0.2724609375 0.029296875 0.09375 0.05078125
0 0.75390625 0.03515625 0.0927734375 0.044921875
0 0.2734375 0.3212890625 0.09375 0.05078125
0 0.7548828125 0.3154296875 0.0947265625 0.064453125
0 0.2734375 0.6142578125 0.09375 0.0615234375
0 0.75 0.6123046875 0.095703125 0.0654296875
0 0.275390625 0.9150390625 0.095703125 0.064453125
0 0.7509765625 0.9150390625 0.09765625 0.072265625
