4 0.956785300925926 0.5076678240740741 0.0864293981481481 0.7845775462962963
4 0.7490234375 0.4741753472222222 0.27757523148148144 0.8119936342592593
4 0.44999999999999996 0.443359375 0.2972222222222223 0.8153935185185186
4 0.14097945601851852 0.4093605324074074 0.2798755787037037 0.8179976851851852
0 0.721730324074074 0.7253327546296297 0.09218750000000009 0.1118344907407407
0 0.4237413194444445 0.6954210069444444 0.1040219907407407 0.11465567129629628
0 0.10403645833333333 0.6631944444444444 0.10402199074074076 0.11465567129629628
0 0.7799406828703703 0.23451967592592593 0.09609375000000009 0.11212384259259256
0 0.4779875578703704 0.20392071759259262 0.10413773148148153 0.11660879629629628
0 0.16316550925925927 0.1713324652777778 0.0944878472222222 0.11783854166666663
