4 0.5146484375 0.029296875 0.779296875 0.046875
4 0.5166015625 0.2900390625 0.7861328125 0.173828125
4 0.513671875 0.5986328125 0.783203125 0.1826171875
4 0.513671875 0.896484375 0.787109375 0.169921875
0 0.279296875 0.021484375 0.1513671875 0.0263671875
0 0.275390625 0.271484375 0.142578125 0.0927734375
0 0.2744140625 0.5869140625 0.1455078125 0.083984375
0 0.2744140625 0.8896484375 0.1474609375 0.083984375
0 0.74609375 0.0234375 0.150390625 0.0224609375
0 0.7451171875 0.2822265625 0.14453125 0.0966796875
0 0.7490234375 0.595703125 0.1533203125 0.0908203125
0 0.7470703125 0.8994140625 0.150390625 0.0947265625
