4 0.4115813078703704 0.06040219907407408 0.8075376157407408 0.12080439814814815
4 0.4488859953703704 0.33405671296296297 0.8140046296296296 0.23321759259259256
4 0.49123263888888885 0.6440972222222222 0.8140480324074074 0.23907696759259256
4 0.528392650462963 0.9133029513888888 0.809592013888889 0.16471354166666652
0 0.6652054398148148 0.011176215277777776 0.11166087962962967 0.022352430555555552
0 0.7035590277777777 0.2962962962962963 0.11396122685185173 0.09599247685185186
0 0.7429542824074074 0.603515625 0.1099681712962961 0.08412905092592604
0 0.7823278356481481 0.9078052662037037 0.10604745370370372 0.08203125
0 0.16846064814814815 0.06018518518518519 0.1098958333333333 0.07436342592592593
0 0.2078486689814815 0.3664279513888889 0.11004050925925929 0.09389467592592593
0 0.24636863425925926 0.6873553240740742 0.10999710648148153 0.08803530092592604
0 0.2885344328703704 0.9729817708333333 0.10962094907407405 0.03725405092592604
