4 0.919921875 0.4373697916666666 0.16015625 0.8000868055555556
4 0.6872178819444444 0.4847222222222222 0.32747395833333326 0.8332465277777777
4 0.3827690972222222 0.5423394097222222 0.3452256944444445 0.8379340277777778
4 0.12306857638888889 0.59375 0.22947048611111112 0.8125
0 0.9131727430555556 0.17411024305555556 0.06940104166666661 0.11419270833333334
0 0.6165798611111111 0.23305121527777778 0.11671006944444429 0.12604166666666672
0 0.7568359375 0.7353732638888889 0.11102430555555554 0.12968749999999996
0 0.3159505208333333 0.28888888888888886 0.09709201388888888 0.12322048611111103
0 0.4456380208333333 0.7946397569444444 0.10729166666666667 0.13342013888888893
0 0.03205295138888889 0.34839409722222225 0.03841145833333334 0.11866319444444451
0 0.14611545138888887 0.8534505208333334 0.09921875000000002 0.12721354166666687
