4 0.4663628472222222 0.9576822916666666 0.7794270833333334 0.0756655092592593
4 0.4610894097222222 0.7034143518518519 0.7930989583333333 0.16391782407407396
4 0.4577690972222222 0.40520109953703703 0.7920138888888889 0.18337673611111116
4 0.4542100694444444 0.0906032986111111 0.7958333333333334 0.1812065972222222
0 0.7107204861111112 0.6805193865740741 0.10095486111111107 0.07783564814814814
0 0.708203125 0.3861762152777778 0.09952256944444438 0.08948206018518512
0 0.7057074652777777 0.06940827546296297 0.10138888888888875 0.08760127314814814
0 0.2211371527777778 0.7279007523148148 0.10112847222222221 0.08174189814814814
0 0.21888020833333333 0.4276982060185185 0.10147569444444449 0.08955439814814814
0 0.21621093749999998 0.11483651620370369 0.1049479166666667 0.07993344907407407
