4 0.4659360532407408 0.9007740162037037 0.7875434027777778 0.1928964120370371
4 0.5165436921296296 0.6277705439814815 0.7980179398148148 0.283203125
4 0.5574074074074075 0.32306134259259256 0.7962962962962963 0.29089988425925917
4 0.603247974537037 0.08370949074074074 0.7924334490740741 0.1674189814814815
0 0.22348813657407407 0.9063368055555556 0.11387442129629632 0.09253472222222214
0 0.27003761574074076 0.5954210069444444 0.11605902777777777 0.10046296296296298
0 0.3129701967592593 0.2945023148148148 0.10985243055555549 0.0883969907407407
0 0.35923755787037037 0.019234664351851852 0.10519386574074074 0.038469328703703703
0 0.7019314236111112 0.9415726273148148 0.11242766203703702 0.04370659722222214
0 0.7484013310185185 0.6609881365740741 0.11203703703703694 0.09632523148148153
0 0.7968171296296296 0.3470269097222223 0.1099681712962961 0.0923032407407407
0 0.8396339699074074 0.04374638310185185 0.11381655092592613 0.0874927662037037
