4 0.4657045717592592 0.9240089699074074 0.8168258101851852 0.15111400462962976
4 0.4910083912037037 0.6383463541666667 0.8359664351851851 0.25708912037037024
4 0.5167462384259259 0.32331452546296297 0.8431423611111111 0.2826967592592593
4 0.5445963541666667 0.08561197916666667 0.8430989583333335 0.17122395833333334
0 0.7246166087962963 0.9545355902777778 0.10759548611111103 0.044921875
0 0.22897135416666667 0.9249493634259259 0.10941840277777776 0.080078125
0 0.7468388310185186 0.6660517939814815 0.10962094907407405 0.083984375
0 0.25105613425925927 0.6149450231481481 0.1156828703703704 0.08810763888888884
0 0.7660445601851852 0.35713252314814814 0.11568287037037028 0.08810763888888884
0 0.2751953125 0.30682146990740744 0.1200954861111111 0.09801793981481488
0 0.789966724537037 0.06369357638888888 0.11578414351851851 0.0900607638888889
0 0.2948929398148148 0.03273292824074074 0.11712962962962958 0.06546585648148148
