4 0.8872974537037037 0.42840711805555554 0.22540509259259256 0.7828559027777777
4 0.6534649884259259 0.4768012152777778 0.35915798611111116 0.827734375
4 0.33676938657407407 0.5460069444444444 0.35481770833333326 0.8217013888888889
4 0.10109230324074074 0.5986328125 0.20218460648148148 0.802734375
0 0.8937355324074074 0.18276909722222223 0.07479745370370372 0.1162326388888889
0 0.6922743055555556 0.7332682291666667 0.11595775462962976 0.12000868055555558
0 0.3770616319444444 0.7956814236111112 0.11024305555555558 0.12170138888888893
0 0.06004050925925925 0.8560546875 0.10814525462962964 0.1196614583333333
0 0.608470775462963 0.23769531249999998 0.1162471064814814 0.12391493055555558
0 0.29191984953703703 0.30494791666666665 0.11234085648148151 0.12374131944444444
0 0.013057002314814813 0.3682725694444444 0.026114004629629626 0.12326388888888884
