4 0.08626302083333333 0.5750651041666667 0.1549045138888889 0.8102864583333333
4 0.3203125 0.546875 0.3476273148148148 0.8484375
4 0.6323857060185185 0.5219401041666667 0.3554398148148148 0.8489583333333335
4 0.8803385416666667 0.49127604166666666 0.2393229166666666 0.84609375
0 0.09779369212962964 0.8162109375 0.057031250000000006 0.16145833333333348
0 0.35280671296296295 0.7981770833333333 0.12754629629629632 0.17005208333333321
0 0.671412037037037 0.7678385416666667 0.11778067129629632 0.1694010416666667
0 0.9597547743055556 0.7396484375 0.08049045138888888 0.1713541666666667
0 0.26241319444444444 0.3123697916666667 0.13145254629629632 0.17031249999999998
0 0.5789134837962963 0.2789713541666667 0.12609953703703702 0.1796875
0 0.8869791666666667 0.2518229166666667 0.12990451388888902 0.17799479166666665
