4 0.507052951388889 0.958984375 0.8476128472222222 0.08203125
4 0.47619357638888893 0.6939742476851851 0.8688368055555555 0.28197337962962976
4 0.4443142361111111 0.36928530092592593 0.8705295138888889 0.27032696759259256
4 0.4208984375 0.08492476851851852 0.841796875 0.16984953703703703
0 0.7502387152777779 0.6767578125 0.11141493055555562 0.09584780092592604
0 0.22172309027777778 0.7099609375 0.13315972222222222 0.1083622685185186
0 0.7136067708333333 0.3460286458333333 0.11540798611111125 0.09989872685185186
0 0.18971354166666665 0.39113136574074076 0.13103298611111114 0.10047743055555558
0 0.6812065972222222 0.04477719907407408 0.12196180555555558 0.043547453703703706
0 0.16148003472222222 0.07830584490740741 0.11844618055555556 0.06098090277777779
