4 0.517578125 0.0654296875 0.7578125 0.0947265625
4 0.517578125 0.365234375 0.755859375 0.1025390625
4 0.517578125 0.658203125 0.755859375 0.1201171875
4 0.517578125 0.947265625 0.755859375 0.087890625
0 0.27734375 0.064453125 0.0966796875 0.072265625
0 0.7529296875 0.0634765625 0.1005859375 0.0791015625
0 0.279296875 0.3671875 0.095703125 0.0830078125
0 0.75390625 0.3642578125 0.1005859375 0.076171875
0 0.279296875 0.65625 0.09765625 0.064453125
0 0.75390625 0.6630859375 0.10546875 0.0732421875
0 0.279296875 0.953125 0.09765625 0.0576171875
0 0.7568359375 0.951171875 0.1015625 0.0654296875
