4 0.3658203125 0.8604962384259259 0.731640625 0.27900752314814814
4 0.41298828125 0.5844328703703704 0.8259765625 0.33479456018518516
4 0.49973958333333335 0.2814814814814815 0.8484375 0.3584635416666667
4 0.5802083333333333 0.06845341435185186 0.7966145833333333 0.13690682870370371
0 0.5598958333333334 0.9434244791666666 0.12031250000000004 0.0795862268518519
0 0.6490234374999999 0.6298755787037037 0.11093749999999991 0.08515625000000004
0 0.7356119791666667 0.3251736111111111 0.12122395833333321 0.0932581018518519
0 0.08177083333333333 0.8494068287037038 0.11731770833333335 0.09314236111111107
0 0.17526041666666667 0.5435257523148148 0.11536458333333333 0.09308449074074066
0 0.2622395833333333 0.23296440972222224 0.11692708333333335 0.08728298611111113
