4 0.5163845486111112 0.05560619212962963 0.8023003472222223 0.11121238425925926
4 0.5362123842592592 0.3379918981481481 0.8089699074074073 0.18625578703703705
4 0.5554108796296297 0.6558449074074073 0.8088541666666667 0.18234953703703694
4 0.572533275462963 0.9366391782407407 0.8087239583333334 0.11213831018518516
0 0.2603515625 0.04150752314814815 0.10594618055555549 0.0830150462962963
0 0.7560980902777779 0.021860532407407405 0.10973668981481488 0.04372106481481481
0 0.28348524305555556 0.3579427083333333 0.10824652777777777 0.09921874999999991
0 0.7742042824074074 0.3158709490740741 0.11203703703703694 0.09551504629629637
0 0.30179398148148145 0.6787760416666666 0.10588831018518519 0.0854456018518519
0 0.7934606481481481 0.6356770833333334 0.1058883101851853 0.0854456018518519
0 0.32207754629629626 0.9672309027777778 0.10260416666666661 0.040422453703703676
0 0.8101562499999999 0.9350766782407407 0.09467592592592577 0.03611111111111098
