4 0.52734375 0.0966796875 0.7802734375 0.126953125
4 0.525390625 0.396484375 0.7822265625 0.126953125
4 0.521484375 0.6962890625 0.7880859375 0.1484375
4 0.517578125 0.9677734375 0.771484375 0.0546875
0 0.275390625 0.0869140625 0.1005859375 0.064453125
0 0.28125 0.400390625 0.0908203125 0.0615234375
0 0.28515625 0.7001953125 0.099609375 0.0654296875
0 0.759765625 0.0888671875 0.0947265625 0.068359375
0 0.7578125 0.3916015625 0.0927734375 0.068359375
0 0.76171875 0.6962890625 0.0966796875 0.0615234375
0 0.76171875 0.978515625 0.087890625 0.0224609375
