4 0.525390625 0.0654296875 0.7705078125 0.1025390625
4 0.5244140625 0.3681640625 0.7763671875 0.1123046875
4 0.5224609375 0.6767578125 0.77734375 0.1083984375
4 0.521484375 0.9619140625 0.7783203125 0.064453125
0 0.2763671875 0.05859375 0.099609375 0.076171875
0 0.7578125 0.0625 0.1015625 0.072265625
0 0.279296875 0.3662109375 0.09765625 0.087890625
0 0.7548828125 0.3671875 0.1025390625 0.0830078125
0 0.27734375 0.677734375 0.099609375 0.0732421875
0 0.75390625 0.677734375 0.099609375 0.0732421875
0 0.279296875 0.9619140625 0.095703125 0.0390625
0 0.751953125 0.9677734375 0.0908203125 0.0263671875
