4 0.5383752893518519 0.030418113425925927 0.8228443287037037 0.06083622685185185
4 0.5316478587962963 0.296361400462963 0.8364438657407407 0.22106481481481488
4 0.5229311342592593 0.6159360532407407 0.8433159722222223 0.24875578703703694
4 0.5116464120370371 0.8925998263888889 0.84765625 0.2080873842592592
0 0.2769820601851852 0.009946469907407409 0.10474537037037035 0.019892939814814818
0 0.7786820023148149 0.009233940972222222 0.1034432870370372 0.018467881944444445
0 0.2720992476851852 0.29118923611111114 0.10438368055555558 0.08219039351851842
0 0.7753544560185186 0.29660011574074074 0.1123408564814814 0.08655960648148153
0 0.26902488425925924 0.6045572916666666 0.11234085648148151 0.08655960648148131
0 0.7673972800925926 0.6102575231481482 0.11263020833333348 0.09437210648148131
0 0.26142939814814814 0.9015552662037036 0.11241319444444442 0.08851273148148131
0 0.7645037615740741 0.9020833333333333 0.11443865740740744 0.09058159722222214
