4 0.4631076388888889 0.03376736111111111 0.8159722222222222 0.06493055555555556
4 0.4517867476851852 0.3054470486111111 0.8276186342592592 0.14318576388888893
4 0.43764467592592593 0.6152126736111111 0.830005787037037 0.14908854166666674
4 0.4271556712962963 0.93212890625 0.8265335648148149 0.1357421875
0 0.2097800925925926 0.0203125 0.09881365740740738 0.017795138888888888
0 0.7084418402777777 0.300390625 0.10590277777777768 0.060850694444444464
0 0.1968315972222222 0.3007595486111111 0.1088686342592593 0.07456597222222228
0 0.6971571180555556 0.6111979166666667 0.10677083333333348 0.07256944444444446
0 0.19006799768518517 0.6165581597222223 0.10901331018518517 0.07651909722222205
0 0.6822193287037037 0.9317057291666666 0.1088686342592593 0.07456597222222205
0 0.17603443287037038 0.9380642361111111 0.11140046296296297 0.08242187500000009
