4 0.07472511574074074 0.6158203125 0.14945023148148148 0.768359375
4 0.3387586805555556 0.5723307291666667 0.3297164351851851 0.8428385416666668
4 0.6543692129629629 0.5054253472222222 0.320384837962963 0.8542679398148147
4 0.9074797453703703 0.4403718171296296 0.18127893518518512 0.8384403935185185
0 0.003580729166666666 0.39033564814814814 0.007161458333333332 0.11385995370370372
0 0.052010995370370364 0.8871310763888889 0.06293402777777779 0.11892361111111116
0 0.2916304976851852 0.3171730324074074 0.09982638888888895 0.11416377314814818
0 0.38328269675925924 0.8187861689814815 0.11422164351851849 0.13410011574074066
0 0.6131727430555556 0.24814091435185187 0.10387731481481488 0.1181857638888889
0 0.6920934606481481 0.7511067708333333 0.1083622685185186 0.13392650462962963
0 0.918041087962963 0.18155381944444446 0.07284432870370372 0.12311921296296297
