4 0.94140625 0.580324074074074 0.1171875 0.7830439814814816
4 0.6886284722222222 0.5442057291666667 0.2050347222222222 0.7918402777777778
4 0.3939019097222222 0.5046947337962963 0.2089409722222222 0.7918981481481482
4 0.0951388888888889 0.45926649305555556 0.18741319444444446 0.7896267361111111
0 0.9883897569444444 0.33783998842592594 0.02322048611111116 0.10004340277777779
0 0.9564887152777778 0.8244502314814814 0.05885416666666665 0.10044849537037037
0 0.7154296875 0.30054253472222225 0.06471354166666665 0.100535300925926
0 0.6725260416666667 0.7860749421296296 0.08042534722222205 0.10467303240740744
0 0.4187282986111111 0.26002604166666665 0.07647569444444446 0.10266203703703702
0 0.37278645833333335 0.7406322337962963 0.08046874999999998 0.10662615740740744
0 0.11325954861111111 0.22035590277777778 0.08046875 0.10662615740740744
0 0.06532118055555555 0.6989800347222221 0.08832465277777779 0.10869502314814827
