4 0.07213541666666666 0.5246238425925926 0.14010416666666667 0.8617476851851853
4 0.372265625 0.5109230324074074 0.21844618055555554 0.8755642361111111
4 0.7104383680555556 0.4972439236111111 0.21458333333333335 0.8773148148148148
4 0.9707682291666666 0.4849030671296296 0.058463541666666785 0.8604600694444444
0 0.02601996527777778 0.24911024305555557 0.043532986111111116 0.11540798611111114
0 0.07198350694444444 0.7811559606481482 0.07491319444444444 0.12288773148148158
0 0.3409071180555555 0.24105179398148147 0.11002604166666674 0.12275752314814814
0 0.3993923611111111 0.7659432870370371 0.10230034722222214 0.12625868055555545
0 0.6819878472222223 0.2265480324074074 0.09435763888888893 0.11999421296296298
0 0.7395399305555556 0.7533420138888889 0.09435763888888893 0.11999421296296298
